1
2
5
7
8
10
15
17
18
19
22
23
25
26
29
32
34
37
38
39
40
41
42
44
50
51
52
55
58
59
60
61
62
63
65
66
67
68
69
74
75
80
82
83
84
88
90
95
97
98
99
101
104
108
111
114
115
116
117
118
119
121
125
129
130
133
134
136
137
141
143
146
147
148
149
150
151
152
154
155
159
160
161
164
165
166
168
170
171
173
174
176
177
178
180
181
184
185
186
189
190
193
196
201
202
203
204
205
206
208
210
212
214
216
220
223
224
227
228
230
231
240
241
242
243
246
250
251
252
253
254
255
258
259
261
262
268
269
272
273
278
279
280
281
283
285
287
289
290
293
295
301
302
305
308
312
313
314
315
316
317
319
321
323
324
325
326
328
334
336
339
341
342
343
347
349
352
354
355
356
358
359
361
362
364
374
375
378
379
383
386
389
390
391
392
394
396
398
399
400
402
403
408
409
414
415
419
421
422
423
424
425
429
433
434
435
437
438
439
440
443
445
448
449
450
452
455
456
458
464
467
468
469
471
474
475
479
480
481
482
483
490
493
496
497
498
499
504
505
507
508
509
511
513
515
516
518
521
522
529
530
531
533
534
536
538
540
541
542
544
545
549
550
551
552
553
554
555
558
559
560
561
566
568
571
573
575
579
580
585
586
589
591
593
594
598
599
601
603
604
606
609
611
613
614
615
617
619
624
627
632
634
636
640
642
644
647
650
651
652
655
657
659
660
662
664
665
666
667
668
670
671
672
673
675
676
682
683
686
690
694
696
697
699
700
703
705
706
707
709
710
711
713
716
721
722
725
726
728
730
733
735
736
738
739
740
742
743
746
749
752
754
756
757
761
765
767
768
769
770
772
775
776
777
778
779
780
781
783
785
786
788
789
792
793
796
797
799
800
802
803
804
807
809
810
811
813
818
819
820
823
826
828
829
831
836
839
840
842
846
847
848
849
851
854
855
856
858
859
860
862
863
864
865
866
867
868
869
870
871
872
873
874
875
876
877
882
883
886
889
891
895
896
897
898
899
901
904
911
912
913
914
915
916
918
919
920
922
923
926
928
929
931
935
936
937
938
941
942
946
947
949
952
953
957
961
965
966
969
970
974
975
976
979
981
985
993
996
999
1000
